Some((
    red: 0.1607843,
    green: 0.5019609,
    blue: 0.7254902,
))