Some((
    red: 0.69847435,
    green: 0.86713547,
    blue: 1.0,
    alpha: 1.0,
))