Some((
    red: 0.16579312,
    green: 0.16579312,
    blue: 0.16579312,
))